00.18 1
00.21 1
00.29 1
00.31 1
00.34 1
00.38 1
00.40 1
00.43 1
00.44 1
00.45 1
00.46 1
00.48 1
00.50 1
00.53 1
00.54 1
00.55 1
00.59 1
00.61 1
00.62 1
00.63 1
00.64 1
00.65 1
00.66 1
00.67 1
00.68 1
00.69 1
00.70 1
00.73 1
00.74 1
00.75 1
00.76 1
00.77 1
00.78 1
00.79 1
00.81 1
00.82 1
00.83 1
00.84 1
00.85 1
00.86 1
00.87 1
00.88 1
00.89 1
00.90 1
00.91 1
00.92 1
00.93 1
00.94 1
00.95 1
00.96 1
00.97 1
00.98 1
00.99 1
01.00 1
01.01 1
01.02 1
01.03 1
01.04 1
01.05 1
01.06 1
01.07 1
01.08 1
01.09 1
01.10 1
01.11 1
01.12 1
01.13 1
01.14 1
01.15 1
01.16 1
01.17 1
01.18 1
01.19 1
01.20 1
01.21 1
01.22 1
01.23 1
01.24 1
01.25 1
01.26 1
01.27 1
01.28 1
01.29 1
01.30 1
01.31 1
01.32 1
01.33 1
01.34 1
01.35 1
01.36 1
01.37 1
01.38 1
01.39 1
01.40 1
01.41 1
01.42 1
01.43 1
01.44 1
01.45 1
01.46 1
01.47 1
01.48 1
01.49 1
01.50 1
01.51 1
01.52 1
01.53 1
01.54 1
01.55 1
01.56 1
01.57 1
01.58 1
01.59 1
01.60 1
01.61 1
01.62 1
01.63 1
01.64 1
01.65 1
01.66 1
01.67 1
01.68 1
01.69 1
01.70 1
01.71 1
01.72 1
01.73 1
01.74 1
01.75 1
01.76 1
01.77 1
01.78 1
01.79 1
01.80 1
01.81 1
01.82 1
01.83 1
01.84 1
01.85 1
01.86 1
01.87 1
01.88 1
01.89 1
01.90 1
01.91 1
01.92 1
01.93 1
01.94 1
01.95 1
01.96 1
01.97 1
01.98 1
01.99 1
02.00 1
02.01 1
02.02 1
02.03 1
02.04 1
02.05 1
02.06 1
02.07 1
02.08 1
02.09 1
02.10 1
02.11 1
02.12 1
02.13 1
02.14 1
02.15 1
02.16 1
02.17 1
02.18 1
02.19 1
02.20 1
02.21 1
02.22 1
02.23 1
02.24 1
02.25 1
02.26 1
02.27 1
02.28 1
02.29 1
02.30 1
02.31 1
02.32 1
02.33 1
02.34 1
02.35 1
02.36 1
02.37 1
02.38 1
02.39 1
02.40 1
02.41 1
02.42 1
02.43 1
02.44 1
02.45 1
02.46 1
02.47 1
02.48 1
02.49 1
02.50 1
02.51 1
02.52 1
02.53 1
02.54 1
02.55 1
02.56 1
02.57 1
02.58 1
02.59 1
02.60 1
02.61 1
02.62 1
02.63 1
02.64 1
02.65 1
02.66 1
02.67 1
02.68 1
02.69 1
02.70 1
02.71 1
02.72 1
02.73 1
02.74 1
02.75 1
02.76 1
02.77 1
02.78 1
02.79 1
02.80 1
02.81 1
02.82 1
02.83 1
02.84 1
02.85 1
02.86 1
02.87 1
02.88 1
02.89 1
02.90 1
02.91 1
02.92 1
02.93 1
02.94 1
02.95 1
02.96 1
02.97 1
02.98 1
02.99 1
03.00 1
03.01 1
03.02 1
03.03 1
03.04 1
03.05 1
03.06 1
03.07 1
03.08 1
03.09 1
03.10 1
03.11 1
03.12 1
03.13 1
03.14 1
03.15 1
03.16 1
03.17 1
03.18 1
03.19 1
03.20 1
03.21 1
03.22 1
03.23 1
03.24 1
03.25 1
03.26 1
03.27 1
03.28 1
03.29 1
03.30 1
03.31 1
03.32 1
03.33 1
03.34 1
03.35 1
03.36 1
03.37 1
03.38 1
03.39 1
03.40 1
03.41 1
03.42 1
03.43 1
03.44 1
03.45 1
03.46 1
03.47 1
03.48 1
03.49 1
03.50 1
03.51 1
03.52 1
03.53 1
03.54 1
03.55 1
03.56 1
03.57 1
03.58 1
03.59 1
03.60 1
03.61 1
03.62 1
03.63 1
03.64 1
03.65 1
03.66 1
03.67 1
03.68 1
03.69 1
03.70 1
03.71 1
03.72 1
03.73 1
03.74 1
03.75 1
03.76 1
03.77 1
03.78 1
03.79 1
03.80 1
03.81 1
03.82 1
03.83 1
03.84 1
03.85 1
03.86 1
03.87 1
03.88 1
03.89 1
03.90 1
03.91 1
03.92 1
03.93 1
03.94 1
03.95 1
03.96 1
03.97 1
03.98 1
03.99 1
04.00 1
04.01 1
04.02 1
04.03 1
04.04 1
04.05 1
04.06 1
04.07 1
04.08 1
04.09 1
04.10 1
04.11 1
04.12 1
04.13 1
04.14 1
04.15 1
04.16 1
04.17 1
04.18 1
04.19 1
04.20 1
04.21 1
04.22 1
04.23 1
04.24 1
04.25 1
04.26 1
04.27 1
04.28 1
04.29 1
04.30 1
04.31 1
04.32 1
04.33 1
04.34 1
04.35 1
04.36 1
04.37 1
04.38 1
04.39 1
04.40 1
04.41 1
04.42 1
04.43 1
04.44 1
04.45 1
04.46 1
04.47 1
04.48 1
04.49 1
04.50 1
04.51 1
04.52 1
04.53 1
04.54 1
04.55 1
04.56 1
04.57 1
04.58 1
04.59 1
04.60 1
04.61 1
04.62 1
04.63 1
04.64 1
04.65 1
04.66 1
04.67 1
04.68 1
04.69 1
04.70 1
04.71 1
04.72 1
04.73 1
04.74 1
04.75 1
04.76 1
04.77 1
04.78 1
04.79 1
04.80 1
04.81 1
04.82 1
04.83 1
04.84 1
04.85 1
04.86 1
04.87 1
04.88 1
04.89 1
04.90 1
04.91 1
04.92 1
04.93 1
04.94 1
04.95 1
04.96 1
04.97 1
04.98 1
04.99 1
05.00 1
05.01 1
05.02 1
05.03 1
05.04 1
05.05 1
05.06 1
05.07 1
05.08 1
05.09 1
05.10 1
05.11 1
05.12 1
05.13 1
05.14 1
05.15 1
05.16 1
05.17 1
05.18 1
05.19 1
05.20 1
05.21 1
05.22 1
05.23 1
05.24 1
05.25 1
05.26 1
05.27 1
05.28 1
05.29 1
05.30 1
05.31 1
05.32 1
05.33 1
05.34 1
05.35 1
05.36 1
05.37 1
05.38 1
05.39 1
05.40 1
05.41 1
05.42 1
05.43 1
05.44 1
05.45 1
05.46 1
05.47 1
05.48 1
05.49 1
05.50 1
05.51 1
05.52 1
05.53 1
05.54 1
05.55 1
05.56 1
05.57 1
05.58 1
05.59 1
05.60 1
05.61 1
05.62 1
05.63 1
05.64 1
05.65 1
05.66 1
05.67 1
05.68 1
05.69 1
05.70 1
05.71 1
05.72 1
05.73 1
05.74 1
05.75 1
05.76 1
05.77 1
05.78 1
05.79 1
05.80 1
05.81 1
05.82 1
05.83 1
05.84 1
05.85 1
05.86 1
05.87 1
05.88 1
05.89 1
05.90 1
05.91 1
05.92 1
05.93 1
05.94 1
05.95 1
05.96 1
05.97 1
05.98 1
05.99 1
06.00 1
06.01 1
06.02 1
06.03 1
06.04 1
06.05 1
06.06 1
06.07 1
06.08 1
06.09 1
06.10 1
06.11 1
06.12 1
06.13 1
06.14 1
06.15 1
06.16 1
06.17 1
06.18 1
06.19 1
06.20 1
06.21 1
06.22 1
06.23 1
06.24 1
06.25 1
06.26 1
06.27 1
06.28 1
06.29 1
06.30 1
06.31 1
06.32 1
06.33 1
06.34 1
06.35 1
06.36 1
06.37 1
06.38 1
06.39 1
06.40 1
06.41 1
06.42 1
06.43 1
06.44 1
06.45 1
06.46 1
06.47 1
06.48 1
06.49 1
06.50 1
06.51 1
06.52 1
06.53 1
06.54 1
06.55 1
06.56 1
06.57 1
06.58 1
06.59 1
06.60 1
06.61 1
06.62 1
06.63 1
06.64 1
06.65 1
06.66 1
06.67 1
06.68 1
06.69 1
06.70 1
06.71 1
06.72 1
06.73 1
06.74 1
06.75 1
06.76 1
06.77 1
06.78 1
06.79 1
06.80 1
06.81 1
06.82 1
06.83 1
06.84 1
06.85 1
06.86 1
06.87 1
06.88 1
06.89 1
06.90 1
06.91 1
06.92 1
06.93 1
06.94 1
06.95 1
06.96 1
06.97 1
06.98 1
06.99 1
07.00 1
07.01 1
07.02 1
07.03 1
07.04 1
07.05 1
07.06 1
07.07 1
07.08 1
07.09 1
07.10 1
07.11 1
07.12 1
07.13 1
07.14 1
07.15 1
07.16 1
07.17 1
07.18 1
07.19 1
07.20 1
07.21 1
07.22 1
07.23 1
07.24 1
07.25 1
07.26 1
07.27 1
07.28 1
07.29 1
07.30 1
07.31 1
07.32 1
07.33 1
07.34 1
07.35 1
07.36 1
07.37 1
07.38 1
07.39 1
07.40 1
07.41 1
07.42 1
07.43 1
07.44 1
07.45 1
07.46 1
07.47 1
07.48 1
07.49 1
07.50 1
07.51 1
07.52 1
07.53 1
07.54 1
07.55 1
07.56 1
07.57 1
07.58 1
07.59 1
07.60 1
07.61 1
07.62 1
07.63 1
07.64 1
07.65 1
07.66 1
07.67 1
07.68 1
07.69 1
07.70 1
07.71 1
07.72 1
07.73 1
07.74 1
07.75 1
07.76 1
07.77 1
07.78 1
07.79 1
07.80 1
07.81 1
07.82 1
07.83 1
07.84 1
07.85 1
07.86 1
07.87 1
07.88 1
07.89 1
07.90 1
07.91 1
07.92 1
07.93 1
07.94 1
07.95 1
07.96 1
07.97 1
07.98 1
07.99 1
08.00 1
08.01 1
08.02 1
08.03 1
08.04 1
08.05 1
08.06 1
08.07 1
08.08 1
08.09 1
08.10 1
08.11 1
08.12 1
08.13 1
08.14 1
08.15 1
08.16 1
08.17 1
08.18 1
08.19 1
08.20 1
08.21 1
08.22 1
08.23 1
08.24 1
08.25 1
08.26 1
08.27 1
08.28 1
08.29 1
08.30 1
08.31 1
08.32 1
08.33 1
08.34 1
08.35 1
08.36 1
08.37 1
08.38 1
08.39 1
08.40 1
08.41 1
08.42 1
08.43 1
08.44 1
08.45 1
08.46 1
08.47 1
08.48 1
08.49 1
08.50 1
08.51 1
08.52 1
08.53 1
08.54 1
08.55 1
08.56 1
08.57 1
08.58 1
08.59 1
08.60 1
08.61 1
08.62 1
08.63 1
08.64 1
08.65 1
08.66 1
08.67 1
08.68 1
08.69 1
08.70 1
08.71 1
08.72 1
08.73 1
08.74 1
08.75 1
08.76 1
08.77 1
08.78 1
08.79 1
08.80 1
08.81 1
08.82 1
08.83 1
08.84 1
08.85 1
08.86 1
08.87 1
08.88 1
08.89 1
08.90 1
08.91 1
08.92 1
08.93 1
08.94 1
08.95 1
08.96 1
08.97 1
08.98 1
08.99 1
09.00 1
09.01 1
09.02 1
09.03 1
09.04 1
09.05 1
09.06 1
09.07 1
09.08 1
09.09 1
09.10 1
09.11 1
09.12 1
09.13 1
09.14 1
09.15 1
09.16 1
09.17 1
09.18 1
09.19 1
09.20 1
09.21 1
09.22 1
09.23 1
09.24 1
09.25 1
09.26 1
09.27 1
09.28 1
09.29 1
09.30 1
09.31 1
09.32 1
09.33 1
09.34 1
09.35 1
09.36 1
09.37 1
09.38 1
09.39 1
09.40 1
09.41 1
09.42 1
09.43 1
09.44 1
09.45 1
09.46 1
09.47 1
09.48 1
09.49 1
09.50 1
09.51 1
09.52 1
09.53 1
09.54 1
09.55 1
09.56 1
09.57 1
09.58 1
09.59 1
09.60 1
09.61 1
09.62 1
09.63 1
09.64 1
09.65 1
09.66 1
09.67 1
09.68 1
09.69 1
09.70 1
09.71 1
09.72 1
09.73 1
09.74 1
09.75 1
09.76 1
09.77 1
09.78 1
09.79 1
09.80 1
09.81 1
09.82 1
09.83 1
09.84 1
09.85 1
09.86 1
09.87 1
09.88 1
09.89 1
09.90 1
09.91 1
09.92 1
09.93 1
09.94 1
09.95 1
09.96 1
09.97 1
09.98 1
09.99 1
10.00 1
10.01 1
10.02 1
10.03 1
10.04 1
10.05 1
10.06 1
10.07 1
10.08 1
10.09 1
10.10 1
10.11 1
10.12 1
10.13 1
10.14 1
10.15 1
10.16 1
10.17 1
10.18 1
10.19 1
10.20 1
10.21 1
10.22 1
10.23 1
10.24 1
10.25 1
10.26 1
10.27 1
10.28 1
10.29 1
10.30 1
10.31 1
10.32 1
10.33 1
10.34 1
10.35 1
10.36 1
10.37 1
10.38 1
10.39 1
10.40 1
10.41 1
10.42 1
10.43 1
10.44 1
10.45 1
10.46 1
10.47 1
10.48 1
10.49 1
10.50 1
10.51 1
10.52 1
10.53 1
10.54 1
10.55 1
10.56 1
10.57 1
10.58 1
10.59 1
10.60 1
10.61 1
10.62 1
10.63 1
10.64 1
10.65 1
10.66 1
10.67 1
10.68 1
10.69 1
10.70 1
10.71 1
10.72 1
10.73 1
10.74 1
10.75 1
10.76 1
10.77 1
10.78 1
10.79 1
10.80 1
10.81 1
10.82 1
10.83 1
10.84 1
10.85 1
10.86 1
10.87 1
10.88 1
10.89 1
10.90 1
10.91 1
10.92 1
10.93 1
10.94 1
10.95 1
10.96 1
10.97 1
10.98 1
10.99 1
11.00 1
11.01 1
11.02 1
11.03 1
11.04 1
11.05 1
11.06 1
11.07 1
11.08 1
11.09 1
11.10 1
11.11 1
11.12 1
11.13 1
11.14 1
11.15 1
11.16 1
11.17 1
11.18 1
11.19 1
11.20 1
11.21 1
11.22 1
11.23 1
11.24 1
11.25 1
11.26 1
11.27 1
11.28 1
11.29 1
11.30 1
11.31 1
11.32 1
11.33 1
11.34 1
11.35 1
11.36 1
11.37 1
11.38 1
11.39 1
11.40 1
11.41 1
11.42 1
11.43 1
11.44 1
11.45 1
11.46 1
11.47 1
11.48 1
11.49 1
11.50 1
11.51 1
11.52 1
11.53 1
11.54 1
11.55 1
11.56 1
11.57 1
11.58 1
11.59 1
11.60 1
11.61 1
11.62 1
11.63 1
11.64 1
11.65 1
11.66 1
11.67 1
11.68 1
11.69 1
11.70 1
11.71 1
11.72 1
11.73 1
11.74 1
11.75 1
11.76 1
11.77 1
11.78 1
11.79 1
11.80 1
11.81 1
11.82 1
11.83 1
11.84 1
11.85 1
11.86 1
11.87 1
11.88 1
11.89 1
11.90 1
11.91 1
11.92 1
11.93 1
11.94 1
11.95 1
11.96 1
11.97 1
11.98 1
11.99 1
12.00 1
12.01 1
12.02 1
12.03 1
12.04 1
12.05 1
12.06 1
12.07 1
12.08 1
12.09 1
12.10 1
12.11 1
12.12 1
12.13 1
12.14 1
12.15 1
12.16 1
12.17 1
12.18 1
12.19 1
12.20 1
12.21 1
12.22 1
12.23 1
12.24 1
12.25 1
12.26 1
12.27 1
12.28 1
12.29 1
12.30 1
12.31 1
12.32 1
12.33 1
12.34 1
12.35 1
12.36 1
12.37 1
12.38 1
12.39 1
12.40 1
12.41 1
12.42 1
12.43 1
12.44 1
12.45 1
12.46 1
12.47 1
12.48 1
12.49 1
12.50 1
12.51 1
12.52 1
12.53 1
12.54 1
12.55 1
12.56 1
12.57 1
12.58 1
12.59 1
12.60 1
12.61 1
12.62 1
12.63 1
12.64 1
12.65 1
12.66 1
12.67 1
12.68 1
12.69 1
12.70 1
12.71 1
12.72 1
12.73 1
12.74 1
12.75 1
12.76 1
12.77 1
12.78 1
12.79 1
12.80 1
12.81 1
12.82 1
12.83 1
12.84 1
12.85 1
12.86 1
12.87 1
12.88 1
12.89 1
12.90 1
12.91 1
12.92 1
12.93 1
12.94 1
12.95 1
12.96 1
12.97 1
12.98 1
12.99 1
13.00 1
13.01 1
13.02 1
13.03 1
13.04 1
13.05 1
13.06 1
13.07 1
13.08 1
13.09 1
13.10 1
13.11 1
13.12 1
13.13 1
13.14 1
13.15 1
13.16 1
13.17 1
13.18 1
13.19 1
13.20 1
13.21 1
13.22 1
13.23 1
13.24 1
13.25 1
13.26 1
13.27 1
13.28 1
13.29 1
13.30 1
13.31 1
13.32 1
13.33 1
13.34 1
13.35 1
13.36 1
13.37 1
13.38 1
13.39 1
13.40 1
13.41 1
13.42 1
13.43 1
13.44 1
13.45 1
13.46 1
13.47 1
13.48 1
13.49 1
13.50 1
13.51 1
13.52 1
13.53 1
13.54 1
13.55 1
13.56 1
13.57 1
13.58 1
13.59 1
13.60 1
13.61 1
13.62 1
13.63 1
13.64 1
13.65 1
13.66 1
13.67 1
13.68 1
13.69 1
13.70 1
13.71 1
13.72 1
13.73 1
13.74 1
13.75 1
13.76 1
13.77 1
13.78 1
13.79 1
13.80 1
13.81 1
13.82 1
13.83 1
13.84 1
13.85 1
13.86 1
13.87 1
13.88 1
13.89 1
13.90 1
13.91 1
13.92 1
13.93 1
13.94 1
13.95 1
13.96 1
13.97 1
13.98 1
13.99 1
14.00 1
14.01 1
14.02 1
14.03 1
14.04 1
14.05 1
14.06 1
14.07 1
14.08 1
14.09 1
14.10 1
14.11 1
14.12 1
14.13 1
14.14 1
14.15 1
14.16 1
14.17 1
14.18 1
14.19 1
14.20 1
14.21 1
14.22 1
14.23 1
14.24 1
14.25 1
14.26 1
14.27 1
14.28 1
14.29 1
14.30 1
14.31 1
14.32 1
14.33 1
14.34 1
14.35 1
14.36 1
14.37 1
14.38 1
14.39 1
14.40 1
14.41 1
14.42 1
14.43 1
14.44 1
14.45 1
14.46 1
14.47 1
14.48 1
14.49 1
14.50 1
14.51 1
14.52 1
14.53 1
14.54 1
14.55 1
14.56 1
14.57 1
14.58 1
14.59 1
14.60 1
14.61 1
14.62 1
14.63 1
14.64 1
14.65 1
14.66 1
14.67 1
14.68 1
14.69 1
14.70 1
14.71 1
14.72 1
14.73 1
14.74 1
14.75 1
14.76 1
14.77 1
14.78 1
14.79 1
14.80 1
14.81 1
14.82 1
14.83 1
14.84 1
14.85 1
14.86 1
14.87 1
14.88 1
14.89 1
14.90 1
14.91 1
14.92 1
14.93 1
14.94 1
14.95 1
14.96 1
14.97 1
14.98 1
14.99 1
15.00 1
15.01 1
15.02 1
15.03 1
15.04 1
15.05 1
15.06 1
15.07 1
15.08 1
15.09 1
15.10 1
15.11 1
15.12 1
15.13 1
15.14 1
15.15 1
15.16 1
15.17 1
15.18 1
15.19 1
15.20 1
15.21 1
15.22 1
15.23 1
15.24 1
15.25 1
15.26 1
15.27 1
15.28 1
15.29 1
15.30 1
15.31 1
15.32 1
15.33 1
15.34 1
15.35 1
15.36 1
15.37 1
15.38 1
15.39 1
15.40 1
15.41 1
15.42 1
15.43 1
15.44 1
15.45 1
15.46 1
15.47 1
15.48 1
15.49 1
15.50 1
15.51 1
15.52 1
15.53 1
15.54 1
15.55 1
15.56 1
15.57 1
15.58 1
15.59 1
15.60 1
15.61 1
15.62 1
15.63 1
15.64 1
15.65 1
15.66 1
15.67 1
15.68 1
15.69 1
15.70 1
15.71 1
15.72 1
15.73 1
15.74 1
15.75 1
15.76 1
15.77 1
15.78 1
15.79 1
15.80 1
15.81 1
15.82 1
15.83 1
15.84 1
15.85 1
15.86 1
15.87 1
15.88 1
15.89 1
15.90 1
15.91 1
15.92 1
15.93 1
15.94 1
15.95 1
15.96 1
15.97 1
15.98 1
15.99 1
16.00 1
16.01 1
16.02 1
16.03 1
16.04 1
16.05 1
16.06 1
16.07 1
16.08 1
16.09 1
16.10 1
16.11 1
16.12 1
16.13 1
16.14 1
16.15 1
16.16 1
16.17 1
16.18 1
16.19 1
16.20 1
16.21 1
16.22 1
16.23 1
16.24 1
16.25 1
16.26 1
16.27 1
16.28 1
16.29 1
16.30 1
16.31 1
16.32 1
16.33 1
16.34 1
16.35 1
16.36 1
16.37 1
16.38 1
16.39 1
16.40 1
16.41 1
16.42 1
16.43 1
16.44 1
16.45 1
16.46 1
16.47 1
16.48 1
16.49 1
16.50 1
16.51 1
16.52 1
16.53 1
16.54 1
16.55 1
16.56 1
16.57 1
16.58 1
16.59 1
16.60 1
16.61 1
16.62 1
16.63 1
16.64 1
16.65 1
16.66 1
16.67 1
16.68 1
16.69 1
16.70 1
16.71 1
16.72 1
16.73 1
16.74 1
16.75 1
16.76 1
16.77 1
16.78 1
16.79 1
16.80 1
16.81 1
16.82 1
16.83 1
16.84 1
16.85 1
16.86 1
16.87 1
16.88 1
16.89 1
16.90 1
16.91 1
16.92 1
16.93 1
16.94 1
16.95 1
16.96 1
16.97 1
16.98 1
16.99 1
17.00 1
17.01 1
17.02 1
17.03 1
17.04 1
17.05 1
17.06 1
17.07 1
17.08 1
17.09 1
17.10 1
17.11 1
17.12 1
17.13 1
17.14 1
17.15 1
17.16 1
17.17 1
17.18 1
17.19 1
17.20 1
17.21 1
17.22 1
17.23 1
17.24 1
17.25 1
17.26 1
17.27 1
17.28 1
17.29 1
17.30 1
17.31 1
17.32 1
17.33 1
17.34 1
17.35 1
17.36 1
17.37 1
17.38 1
17.39 1
17.40 1
17.41 1
17.42 1
17.43 1
17.44 1
17.45 1
17.46 1
17.47 1
17.48 1
17.49 1
17.50 1
17.51 1
17.52 1
17.53 1
17.54 1
17.55 1
17.56 1
17.57 1
17.58 1
17.59 1
17.60 1
17.61 1
17.62 1
17.63 1
17.64 1
17.65 1
17.66 1
17.67 1
17.68 1
17.69 1
17.70 1
17.71 1
17.72 1
17.73 1
17.74 1
17.75 1
17.76 1
17.77 1
17.78 1
17.79 1
17.80 1
17.81 1
17.82 1
17.83 1
17.84 1
17.85 1
17.86 1
17.87 1
17.88 1
17.89 1
17.90 1
17.91 1
17.92 1
17.93 1
17.94 1
17.95 1
17.96 1
17.97 1
17.98 1
17.99 1
18.00 1
18.01 1
18.02 1
18.03 1
18.04 1
18.05 1
18.06 1
18.07 1
18.08 1
18.09 1
18.10 1
18.11 1
18.12 1
18.13 1
18.14 1
18.15 1
18.16 1
18.17 1
18.18 1
18.19 1
18.20 1
18.21 1
18.22 1
18.23 1
18.24 1
18.25 1
18.26 1
18.27 1
18.28 1
18.29 1
18.30 1
18.31 1
18.32 1
18.33 1
18.34 1
18.35 1
18.36 1
18.37 1
18.38 1
18.39 1
18.40 1
18.41 1
18.42 1
18.43 1
18.44 1
18.45 1
18.46 1
18.47 1
18.48 1
18.49 1
18.50 1
18.51 1
18.52 1
18.53 1
18.54 1
18.55 1
18.56 1
18.57 1
18.58 1
18.59 1
18.60 1
18.61 1
18.62 1
18.63 1
18.64 1
18.65 1
18.66 1
18.67 1
18.68 1
18.69 1
18.70 1
18.71 1
18.72 1
18.73 1
18.74 1
18.75 1
18.76 1
18.77 1
18.78 1
18.79 1
18.80 1
18.81 1
18.82 1
18.83 1
18.84 1
18.85 1
18.86 1
18.87 1
18.88 1
18.89 1
18.90 1
18.91 1
18.92 1
18.93 1
18.94 1
18.95 1
18.96 1
18.97 1
18.98 1
18.99 1
19.00 1
19.01 1
19.02 1
19.03 1
19.04 1
19.05 1
19.06 1
19.07 1
19.08 1
19.09 1
19.10 1
19.11 1
19.12 1
19.13 1
19.14 1
19.15 1
19.16 1
19.17 1
19.18 1
19.19 1
19.20 1
19.21 1
19.22 1
19.23 1
19.24 1
19.25 1
19.26 1
19.27 1
19.28 1
19.29 1
19.30 1
19.31 1
19.32 1
19.33 1
19.34 1
19.35 1
19.36 1
19.37 1
19.38 1
19.39 1
19.40 1
19.41 1
19.42 1
19.43 1
19.44 1
19.45 1
19.46 1
19.47 1
19.48 1
19.49 1
19.50 1
19.51 1
19.52 1
19.53 1
19.54 1
19.55 1
19.56 1
19.57 1
19.58 1
19.59 1
19.60 1
19.61 1
19.62 1
19.63 1
19.64 1
19.65 1
19.66 1
19.67 1
19.68 1
19.69 1
19.70 1
19.71 1
19.72 1
19.73 1
19.74 1
19.75 1
19.76 1
19.77 1
19.78 1
19.79 1
19.80 1
19.81 1
19.82 1
19.83 1
19.84 1
19.85 1
19.86 1
19.87 1
19.88 1
19.89 1
19.90 1
19.91 1
19.92 1
19.93 1
19.94 1
19.95 1
19.96 1
19.97 1
19.98 1
19.99 1
20.00 1
20.01 1
20.02 1
20.03 1
20.04 1
20.05 1
20.06 1
20.07 1
20.08 1
20.09 1
20.10 1
20.11 1
20.12 1
20.13 1
20.14 1
20.15 1
20.16 1
20.17 1
20.18 1
20.19 1
20.20 1
20.21 1
20.22 1
20.23 1
20.24 1
20.25 1
20.26 1
20.27 1
20.28 1
20.29 1
20.30 1
20.31 1
20.32 1
20.33 1
20.34 1
20.35 1
20.36 1
20.37 1
20.38 1
20.39 1
20.40 1
20.41 1
20.42 1
20.43 1
20.44 1
20.45 1
20.46 1
20.47 1
20.48 1
20.49 1
20.50 1
20.51 1
20.52 1
20.53 1
20.54 1
20.55 1
20.56 1
20.57 1
20.58 1
20.59 1
20.60 1
20.61 1
20.62 1
20.63 1
20.64 1
20.65 1
20.66 1
20.67 1
20.68 1
20.69 1
20.70 1
20.71 1
20.72 1
20.73 1
20.74 1
20.75 1
20.76 1
20.77 1
20.78 1
20.79 1
20.80 1
20.81 1
20.82 1
20.83 1
20.84 1
20.85 1
20.86 1
20.87 1
20.88 1
20.89 1
20.90 1
20.91 1
20.92 1
20.93 1
20.94 1
20.95 1
20.96 1
20.97 1
20.98 1
20.99 1
21.00 1
21.01 1
21.02 1
21.03 1
21.04 1
21.05 1
21.06 1
21.07 1
21.08 1
21.09 1
21.10 1
21.11 1
21.12 1
21.13 1
21.14 1
21.15 1
21.16 1
21.17 1
21.18 1
21.19 1
21.20 1
21.21 1
21.22 1
21.23 1
21.24 1
21.25 1
21.26 1
21.27 1
21.28 1
21.29 1
21.30 1
21.31 1
21.32 1
21.33 1
21.34 1
21.35 1
21.36 1
21.37 1
21.38 1
21.39 1
21.40 1
21.41 1
21.42 1
21.43 1
21.44 1
21.45 1
21.46 1
21.47 1
21.48 1
21.49 1
21.50 1
21.51 1
21.52 1
21.53 1
21.54 1
21.55 1
21.56 1
21.57 1
21.58 1
21.59 1
21.60 1
21.61 1
21.62 1
21.63 1
21.64 1
21.65 1
21.66 1
21.67 1
21.68 1
21.69 1
21.70 1
21.71 1
21.72 1
21.73 1
21.74 1
21.75 1
21.76 1
21.77 1
21.78 1
21.79 1
21.80 1
21.81 1
21.82 1
21.83 1
21.84 1
21.85 1
21.86 1
21.87 1
21.88 1
21.89 1
21.90 1
21.91 1
21.92 1
21.93 1
21.94 1
21.95 1
21.96 1
21.97 1
21.98 1
21.99 1
22.00 1
22.01 1
22.02 1
22.03 1
22.04 1
22.05 1
22.06 1
22.07 1
22.08 1
22.09 1
22.10 1
22.11 1
22.12 1
22.13 1
22.14 1
22.15 1
22.16 1
22.17 1
22.18 1
22.19 1
22.20 1
22.21 1
22.22 1
22.23 1
22.24 1
22.25 1
22.26 1
22.27 1
22.28 1
22.29 1
22.30 1
22.31 1
22.32 1
22.33 1
22.34 1
22.35 1
22.36 1
22.37 1
22.38 1
22.39 1
22.40 1
22.41 1
22.42 1
22.43 1
22.44 1
22.45 1
22.46 1
22.47 1
22.48 1
22.49 1
22.50 1
22.51 1
22.52 1
22.53 1
22.54 1
22.55 1
22.56 1
22.57 1
22.58 1
22.59 1
22.60 1
22.61 1
22.62 1
22.63 1
22.64 1
22.65 1
22.66 1
22.67 1
22.68 1
22.69 1
22.70 1
22.71 1
22.72 1
22.73 1
22.74 1
22.75 1
22.76 1
22.77 1
22.78 1
22.79 1
22.80 1
22.81 1
22.82 1
22.83 1
22.84 1
22.85 1
22.86 1
22.87 1
22.88 1
22.89 1
22.90 1
22.91 1
22.92 1
22.93 1
22.94 1
22.95 1
22.96 1
22.97 1
22.98 1
22.99 1
23.00 1
23.01 1
23.02 1
23.03 1
23.04 1
23.05 1
23.06 1
23.07 1
23.08 1
23.09 1
23.10 1
23.11 1
23.12 1
23.13 1
23.14 1
23.15 1
23.16 1
23.17 1
23.18 1
23.19 1
23.20 1
23.21 1
23.22 1
23.23 1
23.24 1
23.25 1
23.26 1
23.27 1
23.28 1
23.29 1
23.30 1
23.31 1
23.32 1
23.33 1
23.34 1
23.35 1
23.36 1
23.37 1
23.38 1
23.39 1
23.40 1
23.41 1
23.42 1
23.43 1
23.44 1
23.45 1
23.46 1
23.47 1
23.48 1
23.49 1
23.50 1
23.51 1
23.52 1
23.53 1
23.54 1
23.55 1
23.56 1
23.57 1
23.58 1
23.59 1
23.60 1
23.61 1
23.63 1
23.64 1
23.65 1
23.66 1
23.67 1
23.70 1
23.71 1
23.72 1
23.73 1
23.74 1
23.75 1
23.76 1
23.77 1
23.78 1
23.79 1
23.80 1
23.81 1
23.83 1
23.84 1
23.85 1
23.87 1
23.88 1
23.89 1
23.90 1
23.91 1
23.92 1
23.93 1
23.94 1
23.95 1
23.97 1
23.98 1
24.01 1
24.02 1
24.03 1
24.04 1
24.05 1
24.06 1
24.07 1
24.08 1
24.09 1
24.10 1
24.11 1
24.12 1
24.13 1
24.14 1
24.15 1
24.16 1
24.17 1
24.19 1
24.20 1
24.21 1
24.23 1
24.24 1
24.25 1
24.26 1
24.27 1
24.28 1
24.30 1
24.32 1
24.34 1
24.35 1
24.40 1
24.41 1
24.42 1
24.44 1
24.45 1
24.46 1
24.47 1
24.49 1
24.50 1
24.51 1
24.52 1
24.53 1
24.55 1
24.58 1
24.59 1
24.62 1
24.63 1
24.64 1
24.66 1
24.67 1
24.68 1
24.69 1
24.70 1
24.72 1
24.73 1
24.74 1
24.75 1
24.77 1
24.79 1
24.80 1
24.82 1
24.83 1
24.84 1
24.85 1
24.87 1
24.88 1
24.90 1
24.91 1
24.92 1
24.93 1
24.94 1
24.95 1
24.96 1
25.02 1
25.03 1
25.05 1
25.06 1
25.10 1
25.11 1
25.15 1
25.17 1
25.21 1
25.23 1
25.24 1
25.25 1
25.27 1
25.29 1
25.30 1
25.31 1
25.33 1
25.37 1
25.39 1
25.40 1
25.41 1
25.42 1
25.43 1
25.45 1
25.46 1
25.47 1
25.49 1
25.53 1
25.54 1
25.55 1
25.57 1
25.58 1
25.59 1
25.62 1
25.63 1
25.64 1
25.66 1
25.68 1
25.70 1
25.74 1
25.78 1
25.79 1
25.82 1
25.85 1
25.86 1
25.88 1
25.91 1
25.92 1
25.93 1
25.95 1
25.97 1
25.98 1
25.99 1
26.01 1
26.02 1
26.03 1
26.05 1
26.08 1
26.10 1
26.11 1
26.12 1
26.16 1
26.18 1
26.19 1
26.21 1
26.23 1
26.27 1
26.31 1
26.35 1
26.40 1
26.43 1
26.44 1
26.45 1
26.47 1
26.49 1
26.50 1
26.55 1
26.56 1
26.57 1
26.59 1
26.65 1
26.66 1
26.69 1
26.70 1
26.74 1
26.76 1
26.92 1
26.94 1
26.96 1
26.99 1
27.04 1
27.07 1
27.09 1
27.15 1
27.20 1
27.23 1
27.25 1
27.29 1
27.41 1
27.42 1
27.43 1
27.44 1
27.45 1
27.47 1
27.52 1
27.55 1
27.56 1
27.63 1
27.68 1
27.80 1
27.86 1
27.91 1
27.93 1
27.95 1
27.96 1
28.00 1
28.11 1
28.20 1
28.29 1
28.32 1
28.34 1
28.41 1
28.55 1
28.59 1
28.64 1
28.65 1
28.66 1
28.67 1
28.75 1
28.76 1
28.77 1
28.79 1
28.81 1
28.86 1
28.89 1
29.01 1
29.04 1
29.18 1
29.27 1
29.39 1
29.51 1
29.71 1
29.77 1
29.79 1
29.98 1
30.05 1
30.11 1
30.16 1
30.53 1
30.76 1
30.87 1
9.99 1
